you really got me
van halen

 2           intro 0:00
  3
  3
 2
  3



 2
  3
  3
 2
  3



 2
  3
  3
 2
  3



 2
  3
  3
 2
  3



 2
  3
  3
 2
  3



 2
  3
  3
 2
  3



 2
  3
  3
 2
  3



 2
  3
  3
 2
  3



1            verse 0:14
 2
 2
1
 2



1
 2
 2
1
 2



1
 2
 2
1
 2
    
    5

    5
   4
  3
 2
   4
  3
 2
1
 2
 2
1
 2



1
 2
 2
1
 2



1
 2
 2
1
 2
    
    5

    5
   4
  3
 2
   4
  3
 2
1
 2        Chorus 1 0:28
 2
1
 2



1
 2
 2
1
 2



1
 2
 2
1
 2



1
 2
 2
1
 2



 2
  3
  3
 2
  3



 2
  3
  3
 2
  3



 2
  3
  3
 2
  3



 2
  3
  3
 2
  3



 2
  3
  3
 2
  3



 2
  3
  3
 2
  3




   45
   |
   | 
   |
   |    long held note
   |
   |
   |
   |
   |
   |
   |
   |
   |
   |
 2         Verse2 0:48
 2
1
 2



1
 2
 2
1
 2



1
 2
 2
1
 2
  
    5


   4
    5
   4
  3
   4



 2
 2
1
 2



1
 2
 2
1
 2



1
 2
 2
1
 2

   4
    5
   4
    5
   4
    5
   4
    5
   4
    5

 2        chorus 2 1:03
 2
1
 2



1
 2
 2
1
 2



1
 2
 2
1
 2



1
 2
 2
1
 2



 2
  3
  3
 2
  3



 2
  3
  3
 2
  3



 2
  3
  3
 2
  3



 2
  3
  3
 2
  3



 2
  3
  3
 2
  3



 2
  3
  3
 2
  3




   45
   |
   | 
   |
   |    long held note
   |
   |
   |
   |
   |
   |
   |
   |
   |
   |
         solo 1:23




